POLYGON ((-51.896213813604824 -23.40535936245629, -51.89572003901814 -23.40493105900957, -51.89375995780549 -23.406019045513702, -51.89413011343771 -23.406570419875145, -51.896213813604824 -23.40535936245629))
POLYGON ((-51.89518153128042 -23.404419062266278, -51.89395392642302 -23.40515259544814, -51.89428132044245 -23.405644897317522, -51.895655301901016 -23.40485721344765, -51.89518153128042 -23.404419062266278))
POLYGON ((-51.89388415392707 -23.405191979665076, -51.893427949145924 -23.405447976789493, -51.89373387470504 -23.405959969553045, -51.89423838352187 -23.405723665446722, -51.89388415392707 -23.405191979665076))
POLYGON ((-51.89513504774861 -23.40438952393221, -51.89465200739211 -23.403971063491426, -51.89302040441004 -23.40483752129086, -51.893380001119915 -23.405398746611706, -51.89513504774861 -23.40438952393221))
POLYGON ((-51.89458208925584 -23.403921832764368, -51.894222492546 -23.40362152493284, -51.89274116878596 -23.404468292808406, -51.892966587619014 -23.40479813696846, -51.89458208925584 -23.403921832764368))
POLYGON ((-51.89416345428018 -23.403562447902182, -51.893852161605984 -23.403257216157122, -51.89247281303234 -23.404025217270046, -51.892703194424044 -23.404428908376172, -51.89416345428018 -23.403562447902182))
POLYGON ((-51.89377243971932 -23.403193215863265, -51.89342357723962 -23.402878137042368, -51.89217303942772 -23.403582140248655, -51.892436028066264 -23.403990755777112, -51.89377243971932 -23.403193215863265))
POLYGON ((-51.893374706824986 -23.40283382902304, -51.893036578575405 -23.40252367247251, -51.89186654748961 -23.403148907949383, -51.89210806766787 -23.40353290937696, -51.893374706824986 -23.40283382902304))
POLYGON ((-51.89297286094044 -23.402459671824023, -51.8926132642306 -23.402115052415706, -51.89155518469229 -23.402700904876074, -51.891828788891104 -23.40310460002069, -51.89297286094044 -23.402459671824023))
POLYGON ((-51.8925637087671 -23.402080590425527, -51.89223701867584 -23.401711354253607, -51.891254836617556 -23.402257823422275, -51.89154466083149 -23.402671366158632, -51.8925637087671 -23.402080590425527))
POLYGON ((-51.89217261329497 -23.401632583736983, -51.89179657001841 -23.401317501201845, -51.89097037951873 -23.40181966363744, -51.89120116546684 -23.402169206953563, -51.89217261329497 -23.401632583736983))
POLYGON ((-51.89174324408916 -23.40127319266018, -51.89139974872451 -23.40094826290169, -51.89068055530479 -23.401376579234288, -51.89093817682829 -23.40177043211032, -51.89174324408916 -23.40127319266018))
POLYGON ((-51.890628893450916 -23.40140611824064, -51.88900802469901 -23.402287362232002, -51.889276380452635 -23.402686135518174, -51.89085431228397 -23.40181966363744, -51.890628893450916 -23.40140611824064))
POLYGON ((-51.89091335054977 -23.40187381829613, -51.89117633918832 -23.402238130878796, -51.889543651995076 -23.403139061744287, -51.8893020104499 -23.40276490540795, -51.89091335054977 -23.40187381829613))
POLYGON ((-51.89120162396409 -23.402277515962826, -51.88959685655741 -23.403212908264674, -51.889854478080885 -23.403572294075786, -51.89150754952324 -23.402686135518174, -51.89120162396409 -23.402277515962826))
POLYGON ((-51.891523742567905 -23.402755059174282, -51.889876038240644 -23.403616601847958, -51.89012292553397 -23.404025217270046, -51.891786731206466 -23.4031193693319, -51.891523742567905 -23.402755059174282))
POLYGON ((-51.89183035317591 -23.403212908264674, -51.892077240469234 -23.403562447902182, -51.890418054830974 -23.404483061967483, -51.89016031733467 -23.404084294094172, -51.89183035317591 -23.403212908264674))
POLYGON ((-51.89213091161996 -23.403616601847958, -51.89046710594749 -23.404522446383623, -51.89074082881618 -23.40491136686375, -51.8923777989133 -23.404020294200176, -51.89213091161996 -23.403616601847958))
POLYGON ((-51.8923866694869 -23.40406952489062, -51.89075589449698 -23.404975366326948, -51.89101340813875 -23.405344593395, -51.89267100521883 -23.40445844670145, -51.8923866694869 -23.40406952489062))
POLYGON ((-51.892705273843994 -23.40450767722895, -51.89104146817152 -23.405398746611706, -51.89128298834978 -23.405753203483066, -51.89292532556198 -23.40483752129086, -51.892705273843994 -23.40450767722895))
POLYGON ((-51.894094234678 -23.406580265825017, -51.892961773397694 -23.404881828639535, -51.89243042900553 -23.40516736453087, -51.89358972586119 -23.406865798052532, -51.894094234678 -23.406580265825017))
POLYGON ((-51.89354678894061 -23.406885489907587, -51.892376757854784 -23.405206748743407, -51.8918883503832 -23.40548736091853, -51.89303154589364 -23.407205482141617, -51.89354678894061 -23.406885489907587))
POLYGON ((-51.89186733232905 -23.405507052978667, -51.89299286220948 -23.407220250995287, -51.892516019657194 -23.407510704782414, -51.89129171867716 -23.40579751052526, -51.89186733232905 -23.405507052978667))
POLYGON ((-51.8916043005378 -23.406373500724015, -51.89125007094302 -23.405822125542294, -51.89001026736126 -23.406570419875145, -51.890353762725915 -23.407097177164406, -51.8916043005378 -23.406373500724015))
POLYGON ((-51.891657971688545 -23.406417807558558, -51.89040206676157 -23.407151329664085, -51.890756296356344 -23.407638701164263, -51.89199073282303 -23.406949488416284, -51.891657971688545 -23.406417807558558))
POLYGON ((-51.89204440397375 -23.406993795058025, -51.89079923327692 -23.407707622241666, -51.89116956421694 -23.40826391248111, -51.89245230471927 -23.407540242419984, -51.89204440397375 -23.406993795058025))
POLYGON ((-51.891111750408534 -23.40829837286152, -51.890258379112005 -23.408766048565518, -51.88991488374737 -23.408642976172047, -51.88961432530329 -23.408706973830938, -51.88930839974417 -23.40851498076145, -51.8907306852384 -23.407756851560695, -51.891111750408534 -23.40829837286152))
POLYGON ((-51.89069848254797 -23.407668238773258, -51.89036572141345 -23.407180867381854, -51.888680447280684 -23.40816545420194, -51.88925472859345 -23.40851005785857, -51.89069848254797 -23.407668238773258))
POLYGON ((-51.88945331185112 -23.409169725212728, -51.889431843390845 -23.40890881239855, -51.88866971305054 -23.408455905914813, -51.888283280765314 -23.409031884544806, -51.88850869959836 -23.40923372261691, -51.88874485266156 -23.40959309208086, -51.88945331185112 -23.409169725212728))
POLYGON ((-51.88862677612997 -23.408416522669064, -51.88674946446224 -23.40732363292478, -51.885906827395864 -23.407614086485058, -51.88822542110721 -23.408972809928887, -51.88862677612997 -23.408416522669064))
POLYGON ((-51.89030249464028 -23.407111946030145, -51.889948265045476 -23.40662457259034, -51.887946331123416 -23.40773223690347, -51.88863160113944 -23.408130993786923, -51.89030249464028 -23.407111946030145))
POLYGON ((-51.8885957520472 -23.407318709977588, -51.888354231868945 -23.406939642493892, -51.88749549345733 -23.407446706545095, -51.88787655862749 -23.40769777637566, -51.8885957520472 -23.407318709977588))
POLYGON ((-51.88966917506172 -23.406181504269586, -51.88841863724981 -23.406910104722286, -51.888622587622564 -23.407259634596986, -51.88991606235505 -23.406555650948974, -51.88966917506172 -23.406181504269586))
POLYGON ((-51.88998494482689 -23.406491652249848, -51.88971122195818 -23.406156889319398, -51.89098859534544 -23.40541843868502, -51.8912301155237 -23.40578766451717, -51.88998494482689 -23.406491652249848))
POLYGON ((-51.890951025539934 -23.40535443943604, -51.89070413824661 -23.404985212395456, -51.889453600434706 -23.40573351145957, -51.88969376130342 -23.406102736412844, -51.890951025539934 -23.40535443943604))
POLYGON ((-51.88937309370862 -23.405772895503663, -51.88962534811703 -23.406117505389563, -51.888358112913444 -23.406870721016578, -51.888116465974186 -23.406506421183156, -51.88937309370862 -23.405772895503663))
POLYGON ((-51.888068882048955 -23.40653595904485, -51.88697399057415 -23.407151329664085, -51.88740872689503 -23.407417168886663, -51.88831576934228 -23.406910104722286, -51.888068882048955 -23.40653595904485))
POLYGON ((-51.88803667935852 -23.406442422460238, -51.88776832360489 -23.4061125823975, -51.88645874752718 -23.406846106194553, -51.88692031942343 -23.407126714894247, -51.88803667935852 -23.406442422460238))
POLYGON ((-51.887806270996364 -23.40607319845449, -51.88811756367059 -23.406437499480262, -51.889345187407265 -23.405703973418813, -51.889076696801524 -23.40533474735322, -51.887806270996364 -23.40607319845449))
POLYGON ((-51.889405671287996 -23.405664589354213, -51.89066157621498 -23.404940905081375, -51.89042542315176 -23.404576599936664, -51.88912121418913 -23.40529536317875, -51.889405671287996 -23.405664589354213))
POLYGON ((-51.88714720544773 -23.405182133611937, -51.88743702966164 -23.405575975166034, -51.885853730715255 -23.4064965752278, -51.88534854763774 -23.406220888180375, -51.88714720544773 -23.405182133611937))
POLYGON ((-51.888746605739335 -23.404812906090733, -51.88846751575558 -23.40445844670145, -51.88722771217382 -23.405147672420203, -51.88747996658222 -23.405546437090134, -51.888746605739335 -23.404812906090733))
POLYGON ((-51.887844930407155 -23.40351814011188, -51.88760341022889 -23.40315875415375, -51.88634750530191 -23.403872602019003, -51.88657829125004 -23.404227062976986, -51.887844930407155 -23.40351814011188))
POLYGON ((-51.89035565065582 -23.404502754177017, -51.89009802913235 -23.40410398636303, -51.888842124205375 -23.404822752171338, -51.88908364438363 -23.405251055968495, -51.89035565065582 -23.404502754177017))
POLYGON ((-51.88875088324915 -23.404871982563332, -51.88906217592335 -23.405290440156133, -51.88778950078455 -23.40602396850924, -51.88748881557949 -23.405615359257006, -51.88875088324915 -23.404871982563332))
POLYGON ((-51.88745740851666 -23.405654743336235, -51.8877418656155 -23.406038737494733, -51.886394719732294 -23.406782107635866, -51.885900945145636 -23.40654580499728, -51.88745740851666 -23.405654743336235))
POLYGON ((-51.88979561781992 -23.403655986521876, -51.88853728825152 -23.404404293100065, -51.888816378235276 -23.4048030600094, -51.89009375162254 -23.404049832616636, -51.88979561781992 -23.403655986521876))
POLYGON ((-51.88977957311259 -23.403611678762886, -51.88953020453993 -23.403252293058703, -51.888213138774525 -23.403980909634626, -51.88849211817953 -23.404350139476527, -51.88977957311259 -23.403611678762886))
POLYGON ((-51.889498001849496 -23.403173523458932, -51.889224278980805 -23.402784597873058, -51.88795227270861 -23.403513217023157, -51.88817769154165 -23.403916909690654, -51.889498001849496 -23.403173523458932))
POLYGON ((-51.88920281052051 -23.402730443586936, -51.88898275880252 -23.402351362963785, -51.88765708137961 -23.403139061744287, -51.88789323444281 -23.403483678486968, -51.88920281052051 -23.402730443586936))
POLYGON ((-51.88788250021267 -23.403572294075786, -51.88842457883499 -23.4043747547627, -51.88716867390803 -23.405103365160496, -51.88661455029277 -23.404300908890445, -51.88788250021267 -23.403572294075786))
POLYGON ((-51.88713110410252 -23.405137826363767, -51.88687884969409 -23.404778444802883, -51.88489838423233 -23.405925508563797, -51.885300281360685 -23.406171658290056, -51.88713110410252 -23.405137826363767))
POLYGON ((-51.88681487584005 -23.40470459915581, -51.886562621431665 -23.404330447244284, -51.88434600290672 -23.405630128288085, -51.88481294191801 -23.4058959705659, -51.88681487584005 -23.40470459915581))
POLYGON ((-51.8865233632774 -23.40427137053, -51.88629971370438 -23.4039267558379, -51.883841575001156 -23.405310132245553, -51.884244108631606 -23.405575975166034, -51.8865233632774 -23.40427137053))